structure(list(Rank = 1:32, Team = structure(c(28L, 11L, 10L, 
4L, 27L, 22L, 16L, 3L, 26L, 5L, 14L, 17L, 19L, 18L, 12L, 13L, 
29L, 25L, 9L, 32L, 23L, 7L, 8L, 1L, 30L, 15L, 31L, 24L, 21L, 
6L, 20L, 2L), .Label = c("Arizona Cardinals", "Atlanta Falcons", 
"Baltimore Ravens", "Buffalo Bills", "Carolina Panthers", "Chicago Bears", 
"Cincinnati Bengals", "Cleveland Browns", "Dallas Cowboys", "Denver Broncos", 
"Detroit Lions", "Green Bay Packers", "Houston Texans", "Indianapolis Colts", 
"Jacksonville Jaguars", "Kansas City Chiefs", "Miami Dolphins", 
"Minnesota Vikings", "New England Patriots", "New Orleans Saints", 
"New York Giants", "New York Jets", "Oakland Raiders", "Philadelphia Eagles", 
"Pittsburgh Steelers", "San Diego Chargers", "San Francisco 49ers", 
"Seattle Seahawks", "St. Louis Rams", "Tampa Bay Buccaneers", 
"Tennessee Titans", "Washington Redskins"), class = "factor"), 
    Games = c(16L, 16L, 16L, 16L, 16L, 16L, 16L, 16L, 16L, 16L, 
    16L, 16L, 16L, 16L, 16L, 16L, 16L, 16L, 16L, 16L, 16L, 16L, 
    16L, 16L, 16L, 16L, 16L, 16L, 16L, 16L, 16L, 16L), PointsPerGame = c(15.9, 
    17.6, 22.1, 18.1, 21.2, 25.1, 17.6, 18.9, 21.8, 23.4, 23.1, 
    23.3, 19.6, 21.4, 21.8, 19.2, 22.1, 23, 22, 27.4, 28.2, 21.5, 
    21.1, 18.7, 25.6, 25.8, 27.4, 25, 25, 27.6, 26.5, 26.1), 
    YardsPerGame = c(267.1, 300.9, 305.2, 312.2, 321.4, 327.2, 
    330.5, 336.9, 338.3, 339.8, 342.7, 343.4, 344.1, 344.7, 346.4, 
    348.2, 351.6, 353.4, 355.1, 357, 357.6, 359.3, 366.1, 368.2, 
    368.9, 370.8, 373, 375.6, 375.8, 377.1, 384, 398.2), YardsPerPlay = c(4.6, 
    4.9, 4.7, 4.9, 5.2, 5.4, 5.2, 5.2, 5.5, 5.4, 5.4, 5.3, 5.3, 
    5.4, 5.3, 5.2, 5.6, 6, 5.8, 5.9, 5.5, 5.4, 5.2, 5.8, 5.5, 
    5.5, 5.4, 5.4, 6, 6, 6, 6.1), Penalties = c(70L, 99L, 103L, 
    104L, 122L, 91L, 107L, 110L, 129L, 97L, 101L, 105L, 92L, 
    112L, 104L, 99L, 105L, 97L, 104L, 144L, 116L, 105L, 98L, 
    130L, 106L, 115L, 93L, 121L, 105L, 106L, 105L, 91L), TotalPenaltyYards = structure(c(6L, 
    16L, 14L, 16L, 24L, 12L, 17L, 1L, 2L, 10L, 19L, 25L, 9L, 
    27L, 29L, 13L, 21L, 15L, 18L, 4L, 28L, 20L, 11L, 5L, 26L, 
    22L, 7L, 3L, 30L, 31L, 23L, 8L), .Label = c("1,007", "1,067", 
    "1,089", "1,164", "1,192", "613", "731", "744", "752", "760", 
    "769", "780", "786", "816", "835", "849", "851", "861", "866", 
    "876", "882", "886", "889", "909", "920", "935", "938", "941", 
    "945", "948", "978"), class = "factor"), Fumbles = c(30L, 
    19L, 21L, 20L, 18L, 17L, 17L, 22L, 22L, 28L, 29L, 19L, 19L, 
    20L, 20L, 24L, 26L, 20L, 20L, 26L, 19L, 15L, 23L, 13L, 25L, 
    22L, 7L, 27L, 24L, 25L, 15L, 19L), FumblesLost = c(11L, 7L, 
    7L, 11L, 6L, 7L, 8L, 11L, 11L, 12L, 14L, 11L, 9L, 6L, 9L, 
    14L, 12L, 10L, 13L, 12L, 5L, 6L, 8L, 7L, 11L, 14L, 4L, 16L, 
    9L, 10L, 5L, 12L)), .Names = c("Rank", "Team", "Games", "PointsPerGame", 
"YardsPerGame", "YardsPerPlay", "Penalties", "TotalPenaltyYards", 
"Fumbles", "FumblesLost"), class = "data.frame", row.names = c(NA, 
-32L))
